# name: debug
# type: sparse matrix
# nnz: 6300
# rows: 186
# columns: 186

1 1 9.15456413e+23
2 1 -4.03807928
3 1 460.124524
4 1 150339.932
5 1 -51543.2851
6 1 -2962.41447
7 1 -11.3556727
8 1 3.56230128
9 1 -13550.5526
10 1 -4200672.91
11 1 1544763.59
12 1 -1.36611617e-13
13 1 -1.00311828e-26
14 1 -1.04680902e-26
15 1 4.48056154e-25
16 1 3.58417159e-22
17 1 -3.83949331e-22
18 1 2.63362978e-26
1 2 -4.03807928
2 2 9.15456413e+23
3 2 -6601.48509
4 2 -2164299.35
5 2 749246.876
6 2 1057.53056
7 2 22.8029833
8 2 -7.1533496
9 2 27210.4553
10 2 8435244.39
11 2 -3101993.1
12 2 6.97889637e-14
13 2 -1.14483304e-26
14 2 -1.46617196e-26
15 2 5.42601235e-25
16 2 4.3573337e-22
17 2 -4.0609758e-22
18 2 -2.20855609e-26
1 3 460.124524
2 3 -6601.48509
3 3 9.15456413e+23
4 3 765419211
5 3 -264833060
6 3 3.52353312
7 3 -6837.90816
8 3 2145.06791
9 3 -8159572.46
10 3 -2.52946844e+09
11 3 930191619
12 3 -8.08167061e-12
13 3 4.65186423e-25
14 3 5.20025043e-25
15 3 -2.16487932e-23
16 3 -1.7467192e-20
17 3 1.79198897e-20
18 3 3.79026588e-26
1 4 150339.932
2 4 -2164299.35
3 4 765419211
4 4 9.15456413e+23
5 4 -8.68093901e+10
6 4 -3068.73831
7 4 -2241052.26
8 4 703023.377
9 4 -2.67421379e+09
10 4 -8.29006595e+11
11 4 3.0486049e+11
12 4 -2.64875866e-09
13 4 3.87452457e-22
14 4 4.34746648e-22
15 4 -1.81841673e-20
16 4 -1.47138488e-17
17 4 1.50364452e-17
18 4 3.18387165e-23
1 5 -51543.2851
2 5 749246.876
3 5 -264833060
4 5 -8.68093901e+10
5 5 9.15456413e+23
6 5 -5236.71011
7 5 775339.464
8 5 -243225.817
9 5 925200864
10 5 2.86812378e+11
11 5 -1.05472939e+11
12 5 9.16301146e-10
13 5 -3.95724632e-22
14 5 -3.84002534e-22
15 5 1.78691859e-20
16 5 1.44005474e-17
17 5 -1.61510062e-17
18 5 -2.84635064e-23
1 6 -2962.41447
2 6 1057.53056
3 6 3.52353312
4 6 -3068.73831
5 6 -5236.71011
6 6 9.15456413e+23
7 6 3673.45454
8 6 -1152.37135
9 6 4383477.77
10 6 1.35887863e+09
11 6 -499716659
12 6 4.95730421e-11
13 6 2.83398874e-26
14 6 -2.10152633e-26
15 6 -3.8350441e-26
16 6 -2.9164026e-23
17 6 3.11090405e-23
18 6 -3.70846265e-23
1 7 -11.3556727
2 7 22.8029833
3 7 -6837.90816
4 7 -2241052.26
5 7 775339.464
6 7 3673.45454
7 7 -4.40524474e+38
8 7 1.38193566e+38
9 7 -5.25671197e+41
10 7 -1.62958134e+44
11 7 5.99265396e+43
12 7 1.46170369e+22
13 7 -26519.8607
14 7 11781.0891
15 7 -49670915.9
16 7 -1.69471493e+10
17 7 6.19147633e+09
18 7 -5.2756227e-09
19 7 -2.01773512e-27
20 7 -3.12843968e-27
21 7 7.83162963e-26
22 7 5.0163947e-23
23 7 -3.31428311e-23
24 7 1.05783171e-26
1 8 3.56230128
2 8 -7.1533496
3 8 2145.06791
4 8 703023.377
5 8 -243225.817
6 8 -1152.37135
7 8 1.38193566e+38
8 8 -4.33516473e+37
9 8 1.64904293e+41
10 8 5.11203507e+43
11 8 -1.87990967e+43
12 8 -1.81871954e+21
13 8 20359.5753
14 8 -9044.46573
15 8 38132883.3
16 8 1.29454591e+10
17 8 -4.71420731e+09
18 8 5.04137231e-09
19 8 -3.20835803e-27
20 8 -5.43722222e-27
21 8 1.37461141e-25
22 8 8.82454606e-23
23 8 -5.5683951e-23
24 8 -6.38602126e-27
1 9 -13550.5526
2 9 27210.4553
3 9 -8159572.46
4 9 -2.67421379e+09
5 9 925200864
6 9 4383477.77
7 9 -5.25671197e+41
8 9 1.64904293e+41
9 9 -6.27275494e+44
10 9 -1.94455478e+47
11 9 7.15094339e+46
12 9 7.78721117e+25
13 9 -33110299.4
14 9 14708802.3
15 9 -6.20146128e+10
16 9 -2.10843413e+13
17 9 7.58981455e+12
18 9 -5.32110946e-06
19 9 7.4348622e-26
20 9 1.30409418e-25
21 9 -6.01559582e-24
22 9 -2.99982646e-21
23 9 2.98686182e-21
24 9 -7.00796889e-25
1 10 -4200672.91
2 10 8435244.39
3 10 -2.52946844e+09
4 10 -8.29006595e+11
5 10 2.86812378e+11
6 10 1.35887863e+09
7 10 -1.62958134e+44
8 10 5.11203507e+43
9 10 -1.94455478e+47
10 10 -6.02812215e+49
11 10 2.21679331e+49
12 10 2.41403515e+28
13 10 -1.17394798e+10
14 10 5.21510501e+09
15 10 -2.1987699e+13
16 10 -7.90732851e+15
17 10 3.20164558e+15
18 10 -0.00242618887
19 10 5.11843195e-23
20 10 8.89398051e-23
21 10 -3.17160312e-21
22 10 -1.7451482e-18
23 10 1.46591983e-18
24 10 -2.401757e-22
1 11 1544763.59
2 11 -3101993.1
3 11 930191619
4 11 3.0486049e+11
5 11 -1.05472939e+11
6 11 -499716659
7 11 5.99265396e+43
8 11 -1.87990967e+43
9 11 7.15094339e+46
10 11 2.21679331e+49
11 11 -8.15207861e+48
12 11 -8.87741922e+27
13 11 4.01309963e+09
14 11 -1.78276518e+09
15 11 7.51641708e+12
16 11 3.06612836e+15
17 11 -1.53195466e+15
18 11 0.00287903387
19 11 -3.07388092e-23
20 11 -5.19724455e-23
21 11 2.99409456e-21
22 11 1.38408119e-18
23 11 -1.57188369e-18
24 11 4.28973894e-22
1 12 -1.36611617e-13
2 12 6.97889637e-14
3 12 -8.08167061e-12
4 12 -2.64875866e-09
5 12 9.16301146e-10
6 12 4.95730421e-11
7 12 1.46170369e+22
8 12 -1.81871954e+21
9 12 7.78721117e+25
10 12 2.41403515e+28
11 12 -8.87741922e+27
12 12 1.87407878e+25
13 12 1036699.59
14 12 -460539.758
15 12 1.94170771e+09
16 12 8.87757591e+11
17 12 -6.16984133e+11
18 12 2.98474536e-06
19 12 1.1496712e-26
20 12 -6.79337712e-27
21 12 5.7856202e-26
22 12 1.75553858e-23
23 12 -3.53357182e-23
24 12 -1.02330216e-23
1 13 -1.00311828e-26
2 13 -1.14483304e-26
3 13 4.65186423e-25
4 13 3.87452457e-22
5 13 -3.95724632e-22
6 13 2.83398874e-26
7 13 -26519.8607
8 13 20359.5753
9 13 -33110299.4
10 13 -1.17394798e+10
11 13 4.01309963e+09
12 13 1036699.59
13 13 -4.85394753e+38
14 13 2.15630048e+38
15 13 -9.09130036e+41
16 13 -2.77683184e+44
17 13 5.70966837e+43
18 13 1.86543968e+23
19 13 -1.01188874e+16
20 13 -3.05268805e+15
21 13 -6.18321671e+18
22 13 -3.77176771e+21
23 13 5.7627664e+21
24 13 -41238.2304
25 13 -3.71615692e-27
26 13 -5.34452236e-27
27 13 1.47802482e-25
28 13 1.01641868e-22
29 13 -7.24228734e-23
30 13 2.10352967e-26
31 13 -1.7342403e-28
32 13 -5.94838246e-28
33 13 1.02838171e-26
34 13 6.87033487e-24
35 13 -2.03783275e-24
36 13 6.008565e-27
1 14 -1.04680902e-26
2 14 -1.46617196e-26
3 14 5.20025043e-25
4 14 4.34746648e-22
5 14 -3.84002534e-22
6 14 -2.10152633e-26
7 14 11781.0891
8 14 -9044.46573
9 14 14708802.3
10 14 5.21510501e+09
11 14 -1.78276518e+09
12 14 -460539.758
13 14 2.15630048e+38
14 14 -9.579073e+37
15 14 4.03868712e+41
16 14 1.23356996e+44
17 14 -2.53644288e+43
18 14 -7.14657478e+22
19 14 4.49668628e+15
20 14 1.35657013e+15
21 14 2.7477315e+18
22 14 1.67611866e+21
23 14 -2.5608895e+21
24 14 18319.5628
25 14 -5.43765968e-27
26 14 -8.91172302e-27
27 14 2.32799222e-25
28 14 1.61777968e-22
29 14 -1.06806135e-22
30 14 -1.3459252e-26
31 14 -5.87378102e-28
32 14 -2.13977294e-27
33 14 3.68249207e-26
34 14 2.46031404e-23
35 14 -7.29605129e-24
36 14 -1.72019855e-27
1 15 4.48056154e-25
2 15 5.42601235e-25
3 15 -2.16487932e-23
4 15 -1.81841673e-20
5 15 1.78691859e-20
6 15 -3.8350441e-26
7 15 -49670915.9
8 15 38132883.3
9 15 -6.20146128e+10
10 15 -2.1987699e+13
11 15 7.51641708e+12
12 15 1.94170771e+09
13 15 -9.09130036e+41
14 15 4.03868712e+41
15 15 -1.70277371e+45
16 15 -5.20092403e+47
17 15 1.06940402e+47
18 15 4.50529553e+26
19 15 -1.8954917e+19
20 15 -5.71836073e+18
21 15 -1.15825342e+22
22 15 -7.06535616e+24
23 15 1.07949376e+25
24 15 -77238049.2
25 15 1.45874534e-25
26 15 2.25816537e-25
27 15 -5.30897026e-24
28 15 -3.86378245e-21
29 15 2.3970782e-21
30 15 -5.8101495e-27
31 15 1.00161403e-26
32 15 3.63506689e-26
33 15 -6.36847416e-25
34 15 -4.29876113e-22
35 15 1.27510741e-22
36 15 -3.02570847e-28
1 16 3.58417159e-22
2 16 4.3573337e-22
3 16 -1.7467192e-20
4 16 -1.47138488e-17
5 16 1.44005474e-17
6 16 -2.9164026e-23
7 16 -1.69471493e+10
8 16 1.29454591e+10
9 16 -2.10843413e+13
10 16 -7.90732851e+15
11 16 3.06612836e+15
12 16 8.87757591e+11
13 16 -2.77683184e+44
14 16 1.23356996e+44
15 16 -5.20092403e+47
16 16 -1.53518902e+50
17 16 2.66160849e+49
18 16 1.896689e+29
19 16 -1.183321e+22
20 16 -3.56986862e+21
21 16 -7.23076545e+24
22 16 -4.41077337e+27
23 16 6.73908324e+27
24 16 -2.56248113e+10
25 16 1.02971221e-22
26 16 1.61119556e-22
27 16 -3.96987013e-21
28 16 -2.86976661e-18
29 16 1.81871727e-18
30 16 -1.68102945e-24
31 16 6.9826858e-24
32 16 2.53548056e-23
33 16 -4.48819736e-22
34 16 -3.04759465e-19
35 16 9.04102032e-20
36 16 -1.38013357e-25
1 17 -3.83949331e-22
2 17 -4.0609758e-22
3 17 1.79198897e-20
4 17 1.50364452e-17
5 17 -1.61510062e-17
6 17 3.11090405e-23
7 17 6.19147633e+09
8 17 -4.71420731e+09
9 17 7.58981455e+12
10 17 3.20164558e+15
11 17 -1.53195466e+15
12 17 -6.16984133e+11
13 17 5.70966837e+43
14 17 -2.53644288e+43
15 17 1.06940402e+47
16 17 2.66160849e+49
17 17 3.35066844e+49
18 17 -1.24916459e+29
19 17 1.77092109e+22
20 17 5.3425534e+21
21 17 1.08213368e+25
22 17 6.60102507e+27
23 17 -1.00855006e+28
24 17 4.74189081e+10
25 17 -7.19255892e-23
26 17 -1.03941756e-22
27 17 2.40269677e-21
28 17 1.77481334e-18
29 17 -1.11926017e-18
30 17 4.7157809e-24
31 17 -2.01991428e-24
32 17 -7.33300886e-24
33 17 1.29860595e-22
34 17 8.81988546e-20
35 17 -2.61653e-20
36 17 3.27527568e-25
1 18 2.63362978e-26
2 18 -2.20855609e-26
3 18 3.79026588e-26
4 18 3.18387165e-23
5 18 -2.84635064e-23
6 18 -3.70846265e-23
7 18 -5.2756227e-09
8 18 5.04137231e-09
9 18 -5.32110946e-06
10 18 -0.00242618887
11 18 0.00287903387
12 18 2.98474536e-06
13 18 1.86543968e+23
14 18 -7.14657478e+22
15 18 4.50529553e+26
16 18 1.896689e+29
17 18 -1.24916459e+29
18 18 4.31847052e+25
19 18 1.27502153e+11
20 18 3.84651279e+10
21 18 7.79110796e+13
22 18 4.75256079e+16
23 18 -7.26136535e+16
24 18 0.644552772
25 18 2.14751911e-26
26 18 -1.37579163e-26
27 18 -9.9395055e-26
28 18 -4.94496898e-23
29 18 6.31707935e-23
30 18 -2.10318853e-23
31 18 6.25754844e-27
32 18 -1.85962623e-27
33 18 3.03224253e-28
34 18 2.92877686e-25
35 18 2.05128691e-25
36 18 -4.38515144e-24
7 19 -2.01773512e-27
8 19 -3.20835803e-27
9 19 7.4348622e-26
10 19 5.11843195e-23
11 19 -3.07388092e-23
12 19 1.1496712e-26
13 19 -1.01188874e+16
14 19 4.49668628e+15
15 19 -1.8954917e+19
16 19 -1.183321e+22
17 19 1.77092109e+22
18 19 1.27502153e+11
19 19 -9.58677662e+37
20 19 -2.8921597e+37
21 19 -5.85806668e+40
22 19 -1.95897493e+43
23 19 -1.67244725e+43
24 19 -1.3455711e+22
25 19 -107095.745
26 19 -87143.5503
27 19 -73773601.7
28 19 -5.08208114e+10
29 19 2.31483404e+10
30 19 4332.09328
31 19 -3.70075989e-27
32 19 -6.90255949e-27
33 19 1.8180884e-25
34 19 1.33105314e-22
35 19 -7.02860943e-23
36 19 4.01546033e-26
7 20 -3.12843968e-27
8 20 -5.43722222e-27
9 20 1.30409418e-25
10 20 8.89398051e-23
11 20 -5.19724455e-23
12 20 -6.79337712e-27
13 20 -3.05268805e+15
14 20 1.35657013e+15
15 20 -5.71836073e+18
16 20 -3.56986862e+21
17 20 5.3425534e+21
18 20 3.84651279e+10
19 20 -2.8921597e+37
20 20 -8.7251305e+36
21 20 -1.76727434e+40
22 20 -5.90987833e+42
23 20 -5.04547538e+42
24 20 4.96849042e+22
25 20 -24594.8949
26 20 -20007.9766
27 20 -16921927.7
28 20 -1.16465006e+10
29 20 5.31505401e+09
30 20 1306.91535
31 20 -7.24076494e-27
32 20 -2.08037336e-26
33 20 5.28734659e-25
34 20 4.20330736e-22
35 20 -1.51545297e-22
36 20 -1.76863318e-26
7 21 7.83162963e-26
8 21 1.37461141e-25
9 21 -6.01559582e-24
10 21 -3.17160312e-21
11 21 2.99409456e-21
12 21 5.7856202e-26
13 21 -6.18321671e+18
14 21 2.7477315e+18
15 21 -1.15825342e+22
16 21 -7.23076545e+24
17 21 1.08213368e+25
18 21 7.79110796e+13
19 21 -5.85806668e+40
20 21 -1.76727434e+40
21 21 -3.57961248e+43
22 21 -1.19704529e+46
23 21 -1.02196055e+46
24 21 7.80332392e+24
25 21 -67795098.1
26 21 -55166181.9
27 21 -4.67073268e+10
28 21 -3.21772522e+13
29 21 1.47215075e+13
30 21 2647155.79
31 21 1.87387791e-25
32 21 5.21905222e-25
33 21 -1.35141102e-23
34 21 -1.07681165e-20
35 21 3.96847278e-21
36 21 1.36382976e-26
7 22 5.0163947e-23
8 22 8.82454606e-23
9 22 -2.99982646e-21
10 22 -1.7451482e-18
11 22 1.38408119e-18
12 22 1.75553858e-23
13 22 -3.77176771e+21
14 22 1.67611866e+21
15 22 -7.06535616e+24
16 22 -4.41077337e+27
17 22 6.60102507e+27
18 22 4.75256079e+16
19 22 -1.95897493e+43
20 22 -5.90987833e+42
21 22 -1.19704529e+46
22 22 -7.22816456e+48
23 22 -6.19345348e+48
24 22 4.47372644e+27
25 22 -4.70063355e+10
26 22 -3.82645012e+10
27 22 -3.24323968e+13
28 22 -2.23917001e+16
29 22 1.01300667e+16
30 22 3.44928681e+09
31 22 1.40443443e-22
32 22 4.2350028e-22
33 22 -1.09853854e-20
34 22 -8.88826221e-18
35 22 3.06087617e-18
36 22 1.0951319e-23
7 23 -3.31428311e-23
8 23 -5.5683951e-23
9 23 2.98686182e-21
10 23 1.46591983e-18
11 23 -1.57188369e-18
12 23 -3.53357182e-23
13 23 5.7627664e+21
14 23 -2.5608895e+21
15 23 1.07949376e+25
16 23 6.73908324e+27
17 23 -1.00855006e+28
18 23 -7.26136535e+16
19 23 -1.67244725e+43
20 23 -5.04547538e+42
21 23 -1.02196055e+46
22 23 -6.19345348e+48
23 23 4.57087474e+49
24 23 -3.56648739e+28
25 23 2.13726531e+10
26 23 1.73790409e+10
27 23 1.46715491e+13
28 23 1.00133046e+16
29 23 -5.13454978e+15
30 23 -1.82805577e+09
31 23 -7.23514317e-23
32 23 -1.49730424e-22
33 23 3.98495542e-21
34 23 3.00952329e-18
35 23 -1.45430652e-18
36 23 -3.56671743e-24
7 24 1.05783171e-26
8 24 -6.38602126e-27
9 24 -7.00796889e-25
10 24 -2.401757e-22
11 24 4.28973894e-22
12 24 -1.02330216e-23
13 24 -41238.2304
14 24 18319.5628
15 24 -77238049.2
16 24 -2.56248113e+10
17 24 4.74189081e+10
18 24 0.644552772
19 24 -1.3455711e+22
20 24 4.96849042e+22
21 24 7.80332392e+24
22 24 4.47372644e+27
23 24 -3.56648739e+28
24 24 4.8547658e+25
25 24 133865.732
26 24 109010.046
27 24 92568745.3
28 24 6.18214322e+10
29 24 -3.76388633e+10
30 24 -3.52335216e-08
31 24 4.13225258e-26
32 24 -1.70804457e-26
33 24 -1.38363685e-26
34 24 -9.40001491e-24
35 24 6.75744966e-24
36 24 -3.8096541e-23
13 25 -3.71615692e-27
14 25 -5.43765968e-27
15 25 1.45874534e-25
16 25 1.02971221e-22
17 25 -7.19255892e-23
18 25 2.14751911e-26
19 25 -107095.745
20 25 -24594.8949
21 25 -67795098.1
22 25 -4.70063355e+10
23 25 2.13726531e+10
24 25 133865.732
25 25 1.37829708e+38
26 25 1.12238005e+38
27 25 9.53098518e+40
28 25 -1.12944478e+44
29 25 1.24840321e+43
30 25 4.65775475e+21
31 25 -337.577427
32 25 -270.489062
33 25 -238569.202
34 25 -112618080
35 25 125902711
36 25 1.49550672e-13
37 25 -5.89449933e-25
38 25 -4.795171e-25
39 25 -4.12051357e-22
40 25 -1.68846668e-19
41 25 1.1534626e-19
42 25 5.07433944e-26
43 25 -4.53713239e-28
44 25 -1.24762669e-27
45 25 2.84960708e-26
46 25 2.17737752e-23
47 25 -8.04504361e-24
48 25 8.1163266e-27
13 26 -5.34452236e-27
14 26 -8.91172302e-27
15 26 2.25816537e-25
16 26 1.61119556e-22
17 26 -1.03941756e-22
18 26 -1.37579163e-26
19 26 -87143.5503
20 26 -20007.9766
21 26 -55166181.9
22 26 -3.82645012e+10
23 26 1.73790409e+10
24 26 109010.046
25 26 1.12238005e+38
26 26 9.13980736e+37
27 26 7.76130763e+40
28 26 -9.19733712e+43
29 26 1.01660439e+43
30 26 1.4236001e+23
31 26 -231.563251
32 26 -185.543586
33 26 -163647.968
34 26 -79755982.8
35 26 97613169.5
36 26 -3.50054184e-13
37 26 -2.98799923e-25
38 26 -2.57624299e-25
39 26 -2.02066075e-22
40 26 -8.26152049e-20
41 26 5.65384147e-20
42 26 -2.2546407e-26
43 26 -1.32937007e-27
44 26 -3.84941569e-27
45 26 8.9373923e-26
46 26 6.89684268e-23
47 26 -2.52895141e-23
48 26 -3.15265386e-27
13 27 1.47802482e-25
14 27 2.32799222e-25
15 27 -5.30897026e-24
16 27 -3.96987013e-21
17 27 2.40269677e-21
18 27 -9.9395055e-26
19 27 -73773601.7
20 27 -16921927.7
21 27 -4.67073268e+10
22 27 -3.24323968e+13
23 27 1.46715491e+13
24 27 92568745.3
25 27 9.53098518e+40
26 27 7.76130763e+40
27 27 6.59071836e+43
28 27 -7.81016053e+46
29 27 8.63276335e+45
30 27 3.79553632e+25
31 27 -325690.999
32 27 -260964.881
33 27 -230168950
34 27 -1.08349587e+11
35 27 1.20108353e+11
36 27 -3.91480576e-11
37 27 -5.77099901e-22
38 27 -4.62311249e-22
39 27 -4.0770069e-19
40 27 -1.67160522e-16
41 27 1.14152943e-16
42 27 8.38617894e-27
43 27 3.0604278e-26
44 27 9.02562288e-26
45 27 -2.13478052e-24
46 27 -1.66175103e-21
47 27 6.05314939e-22
48 27 3.26232465e-27
13 28 1.01641868e-22
14 28 1.61777968e-22
15 28 -3.86378245e-21
16 28 -2.86976661e-18
17 28 1.77481334e-18
18 28 -4.94496898e-23
19 28 -5.08208114e+10
20 28 -1.16465006e+10
21 28 -3.21772522e+13
22 28 -2.23917001e+16
23 28 1.00133046e+16
24 28 6.18214322e+10
25 28 -1.12944478e+44
26 28 -9.19733712e+43
27 28 -7.81016053e+46
28 28 -6.15715886e+49
29 28 2.76121396e+49
30 28 6.30685544e+27
31 28 -156637862
32 28 -125508476
33 28 -1.10697478e+11
34 28 -5.28000885e+13
35 28 6.08655703e+13
36 28 -2.10779458e-08
37 28 -2.46129948e-19
38 28 -1.97018362e-19
39 28 -1.73955161e-16
40 28 -7.13250798e-14
41 28 4.87063648e-14
42 28 9.24519385e-24
43 28 2.43867639e-23
44 28 7.26668088e-23
45 28 -1.73332409e-21
46 28 -1.35461088e-18
47 28 4.91947454e-19
48 28 2.58113149e-24
13 29 -7.24228734e-23
14 29 -1.06806135e-22
15 29 2.3970782e-21
16 29 1.81871727e-18
17 29 -1.11926017e-18
18 29 6.31707935e-23
19 29 2.31483404e+10
20 29 5.31505401e+09
21 29 1.47215075e+13
22 29 1.01300667e+16
23 29 -5.13454978e+15
24 29 -3.76388633e+10
25 29 1.24840321e+43
26 29 1.01660439e+43
27 29 8.63276335e+45
28 29 2.76121396e+49
29 29 -1.01348229e+49
30 29 -8.9583506e+27
31 29 170635751
32 29 136724498
33 29 1.20589921e+11
34 29 5.9894497e+13
35 29 -7.69749611e+13
36 29 3.07052299e-08
37 29 1.60404212e-19
38 29 1.28480392e-19
39 29 1.13338393e-16
40 29 4.64699524e-14
41 29 -3.17340308e-14
42 29 -1.31444029e-24
43 29 -8.48405728e-24
44 29 -2.50846227e-23
45 29 5.94592989e-22
46 29 4.63311062e-19
47 29 -1.68637001e-19
48 29 -5.64129882e-25
13 30 2.10352967e-26
14 30 -1.3459252e-26
15 30 -5.8101495e-27
16 30 -1.68102945e-24
17 30 4.7157809e-24
18 30 -2.10318853e-23
19 30 4332.09328
20 30 1306.91535
21 30 2647155.79
22 30 3.44928681e+09
23 30 -1.82805577e+09
24 30 -3.52335216e-08
25 30 4.65775475e+21
26 30 1.4236001e+23
27 30 3.79553632e+25
28 30 6.30685544e+27
29 30 -8.9583506e+27
30 30 3.92633561e+25
31 30 -1904.96137
32 30 -1526.37935
33 30 -1346254.45
34 30 -737829982
35 30 1.16999303e+09
36 30 -3.66824226e-10
37 30 1.27252467e-24
38 30 9.56502524e-25
39 30 8.61759848e-22
40 30 3.53311876e-19
41 30 -2.41280465e-19
42 30 -4.63618691e-23
43 30 8.48216034e-27
44 30 -3.13767782e-27
45 30 -3.34782111e-27
46 30 -2.26286127e-24
47 30 1.26203202e-24
48 30 -7.00939838e-24
13 31 -1.7342403e-28
14 31 -5.87378102e-28
15 31 1.00161403e-26
16 31 6.9826858e-24
17 31 -2.01991428e-24
18 31 6.25754844e-27
19 31 -3.70075989e-27
20 31 -7.24076494e-27
21 31 1.87387791e-25
22 31 1.40443443e-22
23 31 -7.23514317e-23
24 31 4.13225258e-26
25 31 -337.577427
26 31 -231.563251
27 31 -325690.999
28 31 -156637862
29 31 170635751
30 31 -1904.96137
31 31 -1.0867654e+39
32 31 -8.70787353e+38
33 31 -7.68027523e+41
34 31 -3.23156533e+44
35 31 2.28397217e+44
36 31 -3.06275226e+22
37 31 -5.4517832e+13
38 31 -4.36861754e+13
39 31 -3.85251779e+16
40 31 -1.78955952e+19
41 31 2.15700143e+19
42 31 -16043892.3
43 31 -5.47659411e-28
44 31 -1.55593815e-27
45 31 3.25363767e-26
46 31 2.40740297e-23
47 31 -8.70704929e-24
48 31 1.3901931e-26
13 32 -5.94838246e-28
14 32 -2.13977294e-27
15 32 3.63506689e-26
16 32 2.53548056e-23
17 32 -7.33300886e-24
18 32 -1.85962623e-27
19 32 -6.90255949e-27
20 32 -2.08037336e-26
21 32 5.21905222e-25
22 32 4.2350028e-22
23 32 -1.49730424e-22
24 32 -1.70804457e-26
25 32 -270.489062
26 32 -185.543586
27 32 -260964.881
28 32 -125508476
29 32 136724498
30 32 -1526.37935
31 32 -8.70787353e+38
32 32 -6.97731647e+38
33 32 -6.15393767e+41
34 32 -2.58934101e+44
35 32 1.83006754e+44
36 32 2.44376132e+22
37 32 -4.36826024e+13
38 32 -3.50036999e+13
39 32 -3.08684326e+16
40 32 -1.43377961e+19
41 32 1.72838381e+19
42 32 -12855413.4
43 32 -1.65121203e-27
44 32 -5.21068012e-27
45 32 1.06332204e-25
46 32 7.82335376e-23
47 32 -2.77043109e-23
48 32 -4.71738242e-27
13 33 1.02838171e-26
14 33 3.68249207e-26
15 33 -6.36847416e-25
16 33 -4.48819736e-22
17 33 1.29860595e-22
18 33 3.03224253e-28
19 33 1.8180884e-25
20 33 5.28734659e-25
21 33 -1.35141102e-23
22 33 -1.09853854e-20
23 33 3.98495542e-21
24 33 -1.38363685e-26
25 33 -238569.202
26 33 -163647.968
27 33 -230168950
28 33 -1.10697478e+11
29 33 1.20589921e+11
30 33 -1346254.45
31 33 -7.68027523e+41
32 33 -6.15393767e+41
33 33 -5.4277241e+44
34 33 -2.28377819e+47
35 33 1.61410502e+47
36 33 -9.72046419e+23
37 33 -3.85573403e+16
38 33 -3.08967283e+16
39 33 -2.72466536e+19
40 33 -1.26559533e+22
41 33 1.52556798e+22
42 33 -1.13383724e+10
43 33 3.46665719e-26
44 33 1.07436971e-25
45 33 -2.36004104e-24
46 33 -1.78989139e-21
47 33 6.39818363e-22
48 33 4.01002248e-27
13 34 6.87033487e-24
14 34 2.46031404e-23
15 34 -4.29876113e-22
16 34 -3.04759465e-19
17 34 8.81988546e-20
18 34 2.92877686e-25
19 34 1.33105314e-22
20 34 4.20330736e-22
21 34 -1.07681165e-20
22 34 -8.88826221e-18
23 34 3.00952329e-18
24 34 -9.40001491e-24
25 34 -112618080
26 34 -79755982.8
27 34 -1.08349587e+11
28 34 -5.28000885e+13
29 34 5.9894497e+13
30 34 -737829982
31 34 -3.23156533e+44
32 34 -2.58934101e+44
33 34 -2.28377819e+47
34 34 -9.63645808e+49
35 34 6.91366588e+49
36 34 -5.38194771e+26
37 34 -1.81411807e+19
38 34 -1.45367594e+19
39 34 -1.2819636e+22
40 34 -6.4108553e+24
41 34 7.2315893e+24
42 34 -4.71677069e+12
43 34 2.63737111e-23
44 34 8.14388818e-23
45 34 -1.84377578e-21
46 34 -1.41519895e-18
47 34 5.07260431e-19
48 34 2.87586906e-24
13 35 -2.03783275e-24
14 35 -7.29605129e-24
15 35 1.27510741e-22
16 35 9.04102032e-20
17 35 -2.61653e-20
18 35 2.05128691e-25
19 35 -7.02860943e-23
20 35 -1.51545297e-22
21 35 3.96847278e-21
22 35 3.06087617e-18
23 35 -1.45430652e-18
24 35 6.75744966e-24
25 35 125902711
26 35 97613169.5
27 35 1.20108353e+11
28 35 6.08655703e+13
29 35 -7.69749611e+13
30 35 1.16999303e+09
31 35 2.28397217e+44
32 35 1.83006754e+44
33 35 1.61410502e+47
34 35 6.91366588e+49
35 35 -5.34852909e+49
36 35 8.69261427e+26
37 35 2.1433983e+19
38 35 1.71748775e+19
39 35 1.51469973e+22
40 35 7.08945912e+24
41 35 -8.91972435e+24
42 35 3.12939594e+12
43 35 -8.97769988e-24
44 35 -2.71312426e-23
45 35 6.21636758e-22
46 35 4.7883423e-19
47 35 -1.72884322e-19
48 35 -2.88377888e-25
13 36 6.008565e-27
14 36 -1.72019855e-27
15 36 -3.02570847e-28
16 36 -1.38013357e-25
17 36 3.27527568e-25
18 36 -4.38515144e-24
19 36 4.01546033e-26
20 36 -1.76863318e-26
21 36 1.36382976e-26
22 36 1.0951319e-23
23 36 -3.56671743e-24
24 36 -3.8096541e-23
25 36 1.49550672e-13
26 36 -3.50054184e-13
27 36 -3.91480576e-11
28 36 -2.10779458e-08
29 36 3.07052299e-08
30 36 -3.66824226e-10
31 36 -3.06275226e+22
32 36 2.44376132e+22
33 36 -9.72046419e+23
34 36 -5.38194771e+26
35 36 8.69261427e+26
36 36 2.66008538e+25
37 36 -402032412
38 36 -322134604
39 36 -2.84120158e+11
40 36 -3.19417881e+14
41 36 8.54432027e+14
42 36 0.00775050339
43 36 1.43938837e-26
44 36 -4.6361754e-27
45 36 -4.07826213e-27
46 36 -2.39982645e-24
47 36 1.54521421e-24
48 36 -1.01700779e-23
25 37 -5.89449933e-25
26 37 -2.98799923e-25
27 37 -5.77099901e-22
28 37 -2.46129948e-19
29 37 1.60404212e-19
30 37 1.27252467e-24
31 37 -5.4517832e+13
32 37 -4.36826024e+13
33 37 -3.85573403e+16
34 37 -1.81411807e+19
35 37 2.1433983e+19
36 37 -402032412
37 37 -6.42227196e+40
38 37 -5.14594337e+40
39 37 -4.53868114e+43
40 37 -2.8533256e+45
41 37 2.72515175e+46
42 37 6.16273262e+23
43 37 -41975.4011
44 37 -31141.899
45 37 -26781206.3
46 37 -1.53648043e+10
47 37 2.30049395e+10
48 37 -6.80494621e-11
49 37 -1.10659682e-27
50 37 -1.29447512e-27
51 37 3.27420771e-26
52 37 1.86154751e-23
53 37 -1.66749433e-23
54 37 6.14361953e-27
25 38 -4.795171e-25
26 38 -2.57624299e-25
27 38 -4.62311249e-22
28 38 -1.97018362e-19
29 38 1.28480392e-19
30 38 9.56502524e-25
31 38 -4.36861754e+13
32 38 -3.50036999e+13
33 38 -3.08967283e+16
34 38 -1.45367594e+19
35 38 1.71748775e+19
36 38 -322134604
37 38 -5.14594337e+40
38 38 -4.12326562e+40
39 38 -3.6366875e+43
40 38 -2.28627066e+45
41 38 2.18356941e+46
42 38 1.64069092e+24
43 38 -34802.5324
44 38 -25820.2881
45 38 -22204762.2
46 38 -1.27442522e+10
47 38 1.91596783e+10
48 38 -1.48076488e-10
49 38 -1.37562805e-27
50 38 -2.04179365e-27
51 38 4.65862827e-26
52 38 2.79290333e-23
53 38 -2.03104726e-23
54 38 -4.5602294e-27
25 39 -4.12051357e-22
26 39 -2.02066075e-22
27 39 -4.0770069e-19
28 39 -1.73955161e-16
29 39 1.13338393e-16
30 39 8.61759848e-22
31 39 -3.85251779e+16
32 39 -3.08684326e+16
33 39 -2.72466536e+19
34 39 -1.2819636e+22
35 39 1.51469973e+22
36 39 -2.84120158e+11
37 39 -4.53868114e+43
38 39 -3.6366875e+43
39 39 -3.20752946e+46
40 39 -2.01647254e+48
41 39 1.92589086e+49
42 39 5.79223846e+26
43 39 -34543704.7
44 39 -25628261.6
45 39 -2.20396245e+10
46 39 -1.26378043e+13
47 39 1.8905874e+13
48 39 -8.68539071e-08
49 39 3.42642162e-26
50 39 4.63134807e-26
51 39 -1.0988268e-24
52 39 -6.45379188e-22
53 39 5.10740524e-22
54 39 3.58699443e-27
25 40 -1.68846668e-19
26 40 -8.26152049e-20
27 40 -1.67160522e-16
28 40 -7.13250798e-14
29 40 4.64699524e-14
30 40 3.53311876e-19
31 40 -1.78955952e+19
32 40 -1.43377961e+19
33 40 -1.26559533e+22
34 40 -6.4108553e+24
35 40 7.08945912e+24
36 40 -3.19417881e+14
37 40 -2.8533256e+45
38 40 -2.28627066e+45
39 40 -2.01647254e+48
40 40 -1.38336801e+50
41 40 1.21049446e+51
42 40 3.50238599e+28
43 40 -2.04197238e+10
44 40 -1.51495628e+10
45 40 -1.30282218e+13
46 40 -7.48424763e+15
47 40 1.12018967e+16
48 40 -5.18680776e-05
49 40 2.07397809e-23
50 40 2.94959795e-23
51 40 -6.8483655e-22
52 40 -4.07021706e-19
53 40 3.06965558e-19
54 40 2.36610159e-24
25 41 1.1534626e-19
26 41 5.65384147e-20
27 41 1.14152943e-16
28 41 4.87063648e-14
29 41 -3.17340308e-14
30 41 -2.41280465e-19
31 41 2.15700143e+19
32 41 1.72838381e+19
33 41 1.52556798e+22
34 41 7.2315893e+24
35 41 -8.91972435e+24
36 41 8.54432027e+14
37 41 2.72515175e+46
38 41 2.18356941e+46
39 41 1.92589086e+49
40 41 1.21049446e+51
41 41 -1.1604165e+52
42 41 -1.3405292e+29
43 41 2.95143552e+10
44 41 2.18969455e+10
45 41 1.88307917e+13
46 41 1.08235808e+16
47 41 -1.6375692e+16
48 41 7.80240638e-05
49 41 -1.73519063e-23
50 41 -1.99887433e-23
51 41 5.09733704e-22
52 41 2.88029219e-19
53 41 -2.63814335e-19
54 41 -1.54955451e-24
25 42 5.07433944e-26
26 42 -2.2546407e-26
27 42 8.38617894e-27
28 42 9.24519385e-24
29 42 -1.31444029e-24
30 42 -4.63618691e-23
31 42 -16043892.3
32 42 -12855413.4
33 42 -1.13383724e+10
34 42 -4.71677069e+12
35 42 3.12939594e+12
36 42 0.00775050339
37 42 6.16273262e+23
38 42 1.64069092e+24
39 42 5.79223846e+26
40 42 3.50238599e+28
41 42 -1.3405292e+29
42 42 3.83723891e+26
43 42 -532080.617
44 42 -394755.033
45 42 -339478847
46 42 -1.97938985e+11
47 42 3.12999113e+11
48 42 -7.7461346e-08
49 42 6.48471082e-27
50 42 -4.5919158e-27
51 42 -3.63187016e-27
52 42 -1.86231197e-24
53 42 2.10818204e-24
54 42 -6.18447015e-24
25 43 -4.53713239e-28
26 43 -1.32937007e-27
27 43 3.0604278e-26
28 43 2.43867639e-23
29 43 -8.48405728e-24
30 43 8.48216034e-27
31 43 -5.47659411e-28
32 43 -1.65121203e-27
33 43 3.46665719e-26
34 43 2.63737111e-23
35 43 -8.97769988e-24
36 43 1.43938837e-26
37 43 -41975.4011
38 43 -34802.5324
39 43 -34543704.7
40 43 -2.04197238e+10
41 43 2.95143552e+10
42 43 -532080.617
43 43 -7.88045228e+38
44 43 -5.84657305e+38
45 43 -5.02789759e+41
46 43 -2.81777418e+44
47 43 3.75740295e+44
48 43 -7.92198401e+22
49 43 -6.43425592e-26
50 43 -5.61740831e-26
51 43 2.94834281e-24
52 43 2.11870327e-21
53 43 -2.71707964e-21
54 43 1.27655653e-25
55 43 -1.47417396e-26
56 43 -1.24469457e-26
57 43 7.25454411e-25
58 43 5.48438703e-22
59 43 -6.63321525e-22
60 43 2.40527438e-26
61 43 -9.97710063e-27
62 43 -7.07125776e-27
63 43 5.10599346e-25
64 43 3.84766131e-22
65 43 -5.05429565e-22
66 43 9.7447897e-27
25 44 -1.24762669e-27
26 44 -3.84941569e-27
27 44 9.02562288e-26
28 44 7.26668088e-23
29 44 -2.50846227e-23
30 44 -3.13767782e-27
31 44 -1.55593815e-27
32 44 -5.21068012e-27
33 44 1.07436971e-25
34 44 8.14388818e-23
35 44 -2.71312426e-23
36 44 -4.6361754e-27
37 44 -31141.899
38 44 -25820.2881
39 44 -25628261.6
40 44 -1.51495628e+10
41 44 2.18969455e+10
42 44 -394755.033
43 44 -5.84657305e+38
44 44 -4.33762115e+38
45 44 -3.73023901e+41
46 44 -2.09053009e+44
47 44 2.78764848e+44
48 44 -7.66438023e+20
49 44 -5.78488043e-26
50 44 -6.02963519e-26
51 44 2.68142002e-24
52 44 1.92679214e-21
53 44 -2.19378871e-21
54 44 -1.24436242e-25
55 44 -1.33986505e-26
56 44 -1.28293032e-26
57 44 6.65975037e-25
58 44 5.0195118e-22
59 44 -5.72954035e-22
60 44 -2.49480242e-26
61 44 -7.9283183e-27
62 44 -5.64018804e-27
63 44 4.06276882e-25
64 44 3.06153568e-22
65 44 -4.02163001e-22
66 44 -1.35588765e-26
25 45 2.84960708e-26
26 45 8.9373923e-26
27 45 -2.13478052e-24
28 45 -1.73332409e-21
29 45 5.94592989e-22
30 45 -3.34782111e-27
31 45 3.25363767e-26
32 45 1.06332204e-25
33 45 -2.36004104e-24
34 45 -1.84377578e-21
35 45 6.21636758e-22
36 45 -4.07826213e-27
37 45 -26781206.3
38 45 -22204762.2
39 45 -2.20396245e+10
40 45 -1.30282218e+13
41 45 1.88307917e+13
42 45 -339478847
43 45 -5.02789759e+41
44 45 -3.73023901e+41
45 45 -3.20790651e+44
46 45 -1.79780037e+47
47 45 2.39730368e+47
48 45 -3.06571693e+25
49 45 2.96971183e-24
50 45 2.63191485e-24
51 45 -1.39638575e-22
52 45 -1.01325114e-19
53 45 1.2893051e-19
54 45 6.4962992e-26
55 45 7.38477792e-25
56 45 6.3147226e-25
57 45 -3.67185306e-23
58 45 -2.78040856e-20
59 45 3.35860409e-20
60 45 3.58351901e-26
61 45 5.18698226e-25
62 45 3.6815734e-25
63 45 -2.6558833e-23
64 45 -2.00136276e-20
65 45 2.62899178e-20
66 45 3.15802388e-26
25 46 2.17737752e-23
26 46 6.89684268e-23
27 46 -1.66175103e-21
28 46 -1.35461088e-18
29 46 4.63311062e-19
30 46 -2.26286127e-24
31 46 2.40740297e-23
32 46 7.82335376e-23
33 46 -1.78989139e-21
34 46 -1.41519895e-18
35 46 4.7883423e-19
36 46 -2.39982645e-24
37 46 -1.53648043e+10
38 46 -1.27442522e+10
39 46 -1.26378043e+13
40 46 -7.48424763e+15
41 46 1.08235808e+16
42 46 -1.97938985e+11
43 46 -2.81777418e+44
44 46 -2.09053009e+44
45 46 -1.79780037e+47
46 46 -1.01100562e+50
47 46 1.35562214e+50
48 46 -1.77470563e+28
49 46 2.18700956e-21
50 46 1.93892182e-21
51 46 -1.03846271e-19
52 46 -7.58548395e-17
53 46 9.61711777e-17
54 46 5.08764779e-23
55 46 5.81987364e-22
56 46 4.9629689e-22
57 46 -2.89864816e-20
58 46 -2.19595732e-17
59 46 2.65777601e-17
60 46 2.89317296e-23
61 46 4.1414101e-22
62 46 2.93946027e-22
63 46 -2.12052156e-20
64 46 -1.59793651e-17
65 46 2.09905071e-17
66 46 2.56641113e-23
25 47 -8.04504361e-24
26 47 -2.52895141e-23
27 47 6.05314939e-22
28 47 4.91947454e-19
29 47 -1.68637001e-19
30 47 1.26203202e-24
31 47 -8.70704929e-24
32 47 -2.77043109e-23
33 47 6.39818363e-22
34 47 5.07260431e-19
35 47 -1.72884322e-19
36 47 1.54521421e-24
37 47 2.30049395e+10
38 47 1.91596783e+10
39 47 1.8905874e+13
40 47 1.12018967e+16
41 47 -1.6375692e+16
42 47 3.12999113e+11
43 47 3.75740295e+44
44 47 2.78764848e+44
45 47 2.39730368e+47
46 47 1.35562214e+50
47 47 -1.9069294e+50
48 47 2.93175753e+28
49 47 -2.73959841e-21
50 47 -2.15093536e-21
51 47 1.2931938e-19
52 47 9.41404444e-17
53 47 -1.28631592e-16
54 47 -5.04390111e-23
55 47 -6.84436415e-22
56 47 -5.48318074e-22
57 47 3.40799399e-20
58 47 2.58753942e-17
59 47 -3.21992162e-17
60 47 -3.18627711e-23
61 47 -5.26753736e-22
62 47 -3.73874566e-22
63 47 2.69712894e-20
64 47 2.03244376e-17
65 47 -2.6698198e-17
66 47 -3.17188059e-23
25 48 8.1163266e-27
26 48 -3.15265386e-27
27 48 3.26232465e-27
28 48 2.58113149e-24
29 48 -5.64129882e-25
30 48 -7.00939838e-24
31 48 1.3901931e-26
32 48 -4.71738242e-27
33 48 4.01002248e-27
34 48 2.87586906e-24
35 48 -2.88377888e-25
36 48 -1.01700779e-23
37 48 -6.80494621e-11
38 48 -1.48076488e-10
39 48 -8.68539071e-08
40 48 -5.18680776e-05
41 48 7.80240638e-05
42 48 -7.7461346e-08
43 48 -7.92198401e+22
44 48 -7.66438023e+20
45 48 -3.06571693e+25
46 48 -1.77470563e+28
47 48 2.93175753e+28
48 48 4.11350543e+25
49 48 1.31483406e-25
50 48 -1.24838584e-25
51 48 -6.5092991e-26
52 48 -4.03587084e-23
53 48 5.99563155e-23
54 48 -1.87524438e-22
55 48 2.58998008e-26
56 48 -2.47451208e-26
57 48 -3.58967286e-26
58 48 -2.6040214e-23
59 48 3.32371716e-23
60 48 -3.98357651e-23
61 48 1.10482418e-26
62 48 -1.3385453e-26
63 48 -3.17129473e-26
64 48 -2.34473024e-23
65 48 3.17534387e-23
66 48 -2.15300963e-23
37 49 -1.10659682e-27
38 49 -1.37562805e-27
39 49 3.42642162e-26
40 49 2.07397809e-23
41 49 -1.73519063e-23
42 49 6.48471082e-27
43 49 -6.43425592e-26
44 49 -5.78488043e-26
45 49 2.96971183e-24
46 49 2.18700956e-21
47 49 -2.73959841e-21
48 49 1.31483406e-25
49 49 9.15456413e+23
50 49 201.73724
51 49 182644.418
52 49 81860312.3
53 49 -194450067
54 49 -14186.7544
55 49 -370.749769
56 49 -410.920472
57 49 -213320.798
58 49 -92717659.8
59 49 224522334
60 49 -8.55435389e-13
61 49 -5.03201662e-26
62 49 -4.24978314e-26
63 49 2.56824068e-24
64 49 1.96918711e-21
65 49 -2.30919535e-21
66 49 7.68699684e-26
37 50 -1.29447512e-27
38 50 -2.04179365e-27
39 50 4.63134807e-26
40 50 2.94959795e-23
41 50 -1.99887433e-23
42 50 -4.5919158e-27
43 50 -5.61740831e-26
44 50 -6.02963519e-26
45 50 2.63191485e-24
46 50 1.93892182e-21
47 50 -2.15093536e-21
48 50 -1.24838584e-25
49 50 201.73724
50 50 9.15456413e+23
51 50 159212.979
52 50 71305031.3
53 50 -171178161
54 50 28994.5273
55 50 -315.195805
56 50 -349.347241
57 50 -181356.339
58 50 -78777916.5
59 50 192526447
60 50 -5.05027981e-13
61 50 -4.5549274e-26
62 50 -4.31711464e-26
63 50 2.36638211e-24
64 50 1.81557882e-21
65 50 -2.01251088e-21
66 50 -8.07208223e-26
37 51 3.27420771e-26
38 51 4.65862827e-26
39 51 -1.0988268e-24
40 51 -6.8483655e-22
41 51 5.09733704e-22
42 51 -3.63187016e-27
43 51 2.94834281e-24
44 51 2.68142002e-24
45 51 -1.39638575e-22
46 51 -1.03846271e-19
47 51 1.2931938e-19
48 51 -6.5092991e-26
49 51 182644.418
50 51 159212.979
51 51 9.15456413e+23
52 51 6.11804332e+10
53 51 -1.43563549e+11
54 51 -14.8547441
55 51 -275219.041
56 51 -305038.998
57 51 -158354638
58 51 -6.8882523e+10
59 51 1.64719453e+11
60 51 -5.68006381e-10
61 51 2.60520202e-24
62 51 2.24235872e-24
63 51 -1.33935499e-22
64 51 -1.02817704e-19
65 51 1.19815459e-19
66 51 1.13482002e-25
37 52 1.86154751e-23
38 52 2.79290333e-23
39 52 -6.45379188e-22
40 52 -4.07021706e-19
41 52 2.88029219e-19
42 52 -1.86231197e-24
43 52 2.11870327e-21
44 52 1.92679214e-21
45 52 -1.01325114e-19
46 52 -7.58548395e-17
47 52 9.41404444e-17
48 52 -4.03587084e-23
49 52 81860312.3
50 52 71305031.3
51 52 6.11804332e+10
52 52 9.15456413e+23
53 52 -6.41065756e+13
54 52 -19278.7749
55 52 -123484022
56 52 -136863505
57 52 -7.10498358e+10
58 52 -3.09156515e+13
59 52 7.35616842e+13
60 52 -2.52719803e-07
61 52 2.06931689e-21
62 52 1.78283091e-21
63 52 -1.06507119e-19
64 52 -8.18693388e-17
65 52 9.51912495e-17
66 52 9.29963231e-23
37 53 -1.66749433e-23
38 53 -2.03104726e-23
39 53 5.10740524e-22
40 53 3.06965558e-19
41 53 -2.63814335e-19
42 53 2.10818204e-24
43 53 -2.71707964e-21
44 53 -2.19378871e-21
45 53 1.2893051e-19
46 53 9.61711777e-17
47 53 -1.28631592e-16
48 53 5.99563155e-23
49 53 -194450067
50 53 -171178161
51 53 -1.43563549e+11
52 53 -6.41065756e+13
53 53 9.15456413e+23
54 53 -11900.826
55 53 288888499
56 53 320189541
57 53 1.66219726e+11
58 53 7.19971889e+13
59 53 -1.83706943e+14
60 53 6.63173968e-07
61 53 -2.40165205e-21
62 53 -1.94798636e-21
63 53 1.22879004e-19
64 53 9.42653402e-17
65 53 -1.13458191e-16
66 53 -1.04376716e-22
37 54 6.14361953e-27
38 54 -4.5602294e-27
39 54 3.58699443e-27
40 54 2.36610159e-24
41 54 -1.54955451e-24
42 54 -6.18447015e-24
43 54 1.27655653e-25
44 54 -1.24436242e-25
45 54 6.4962992e-26
46 54 5.08764779e-23
47 54 -5.04390111e-23
48 54 -1.87524438e-22
49 54 -14186.7544
50 54 28994.5273
51 54 -14.8547441
52 54 -19278.7749
53 54 -11900.826
54 54 9.15456413e+23
55 54 7683.76161
56 54 8516.29647
57 54 4421057.8
58 54 1.90838593e+09
59 54 -5.11782956e+09
60 54 2.39358923e-10
61 54 8.32371006e-26
62 54 -8.01188914e-26
63 54 -1.14028844e-25
64 54 -8.48121967e-23
65 54 1.0786734e-22
66 54 -1.31344267e-22
43 55 -1.47417396e-26
44 55 -1.33986505e-26
45 55 7.38477792e-25
46 55 5.81987364e-22
47 55 -6.84436415e-22
48 55 2.58998008e-26
49 55 -370.749769
50 55 -315.195805
51 55 -275219.041
52 55 -123484022
53 55 288888499
54 55 7683.76161
55 55 -1.80819533e+38
56 55 -2.00411313e+38
57 55 -1.04039356e+41
58 55 -4.61630575e+43
59 55 7.62463497e+43
60 55 -8.18625545e+21
61 55 -1392.36402
62 55 -1697.81682
63 55 -743226.087
64 55 -392348307
65 55 699459480
66 55 -8.9652719e-13
67 55 -4.31802751e-27
68 55 -5.72668345e-27
69 55 1.73758901e-25
70 55 1.0028236e-22
71 55 -7.722779e-23
72 55 1.57528091e-26
43 56 -1.24469457e-26
44 56 -1.28293032e-26
45 56 6.3147226e-25
46 56 4.9629689e-22
47 56 -5.48318074e-22
48 56 -2.47451208e-26
49 56 -410.920472
50 56 -349.347241
51 56 -305038.998
52 56 -136863505
53 56 320189541
54 56 8516.29647
55 56 -2.00411313e+38
56 56 -2.2212586e+38
57 56 -1.15312011e+41
58 56 -5.11648205e+43
59 56 8.45076346e+43
60 56 2.72135294e+22
61 56 -1746.03367
62 56 -2129.07351
63 56 -932010.42
64 56 -479548157
65 56 868700037
66 56 -6.51770618e-13
67 56 -5.38858657e-27
68 56 -7.63139514e-27
69 56 2.29115578e-25
70 56 1.34687252e-22
71 56 -9.88445825e-23
72 56 -1.19154291e-26
43 57 7.25454411e-25
44 57 6.65975037e-25
45 57 -3.67185306e-23
46 57 -2.89864816e-20
47 57 3.40799399e-20
48 57 -3.58967286e-26
49 57 -213320.798
50 57 -181356.339
51 57 -158354638
52 57 -7.10498358e+10
53 57 1.66219726e+11
54 57 4421057.8
55 57 -1.04039356e+41
56 57 -1.15312011e+41
57 57 -5.98618268e+43
58 57 -2.65611501e+46
59 57 4.38703771e+46
60 57 2.39112034e+24
61 57 -1009471.48
62 57 -1230926.43
63 57 -538842955
64 57 -2.77431238e+11
65 57 5.02361648e+11
66 57 -5.1716019e-10
67 57 1.66168804e-25
68 57 2.32606089e-25
69 57 -6.99983371e-24
70 57 -4.10450728e-21
71 57 3.03249259e-21
72 57 -1.17496558e-26
43 58 5.48438703e-22
44 58 5.0195118e-22
45 58 -2.78040856e-20
46 58 -2.19595732e-17
47 58 2.58753942e-17
48 58 -2.6040214e-23
49 58 -92717659.8
50 58 -78777916.5
51 58 -6.8882523e+10
52 58 -3.09156515e+13
53 58 7.19971889e+13
54 58 1.90838593e+09
55 58 -4.61630575e+43
56 58 -5.11648205e+43
57 58 -2.65611501e+46
58 58 -1.17872674e+49
59 58 1.93992791e+49
60 58 1.03519023e+27
61 58 -533105263
62 58 -650056360
63 58 -2.84564765e+11
64 58 -1.53609073e+14
65 58 2.70098714e+14
66 58 -2.94181257e-07
67 58 9.93778762e-23
68 58 1.41871407e-22
69 58 -4.25915426e-21
70 58 -2.51317186e-18
71 58 1.82605062e-18
72 58 -6.81236943e-24
43 59 -6.63321525e-22
44 59 -5.72954035e-22
45 59 3.35860409e-20
46 59 2.65777601e-17
47 59 -3.21992162e-17
48 59 3.32371716e-23
49 59 224522334
50 59 192526447
51 59 1.64719453e+11
52 59 7.35616842e+13
53 59 -1.83706943e+14
54 59 -5.11782956e+09
55 59 7.62463497e+43
56 59 8.45076346e+43
57 59 4.38703771e+46
58 59 1.93992791e+49
59 59 -3.44894489e+49
60 59 -2.66103383e+27
61 59 952707344
62 59 1.16170954e+09
63 59 5.08542984e+11
64 59 2.66659787e+14
65 59 -4.77379121e+14
66 59 5.0241437e-07
67 59 -7.8500422e-23
68 59 -1.06557679e-22
69 59 3.21894002e-21
70 59 1.86853821e-18
71 59 -1.41756979e-18
72 59 5.82251111e-24
43 60 2.40527438e-26
44 60 -2.49480242e-26
45 60 3.58351901e-26
46 60 2.89317296e-23
47 60 -3.18627711e-23
48 60 -3.98357651e-23
49 60 -8.55435389e-13
50 60 -5.05027981e-13
51 60 -5.68006381e-10
52 60 -2.52719803e-07
53 60 6.63173968e-07
54 60 2.39358923e-10
55 60 -8.18625545e+21
56 60 2.72135294e+22
57 60 2.39112034e+24
58 60 1.03519023e+27
59 60 -2.66103383e+27
60 60 2.63554264e+25
61 60 15338.9059
62 60 18703.9109
63 60 8187711.62
64 60 3.83759256e+09
65 60 -7.37773819e+09
66 60 3.38485764e-10
67 60 1.59697463e-26
68 60 -1.31645776e-26
69 60 1.19134505e-26
70 60 7.50995742e-24
71 60 -4.52637696e-24
72 60 -1.52040839e-23
43 61 -9.97710063e-27
44 61 -7.9283183e-27
45 61 5.18698226e-25
46 61 4.1414101e-22
47 61 -5.26753736e-22
48 61 1.10482418e-26
49 61 -5.03201662e-26
50 61 -4.5549274e-26
51 61 2.60520202e-24
52 61 2.06931689e-21
53 61 -2.40165205e-21
54 61 8.32371006e-26
55 61 -1392.36402
56 61 -1746.03367
57 61 -1009471.48
58 61 -533105263
59 61 952707344
60 61 15338.9059
61 61 -1.2953428e+39
62 61 -1.57951137e+39
63 61 -6.91437402e+41
64 61 -1.16280501e+44
65 61 4.82493258e+44
66 61 5.41155526e+21
67 61 -502116.586
68 61 -349461.981
69 61 -168615037
70 61 -7.89237174e+10
71 61 1.50254807e+11
72 61 3.58220611e-10
73 61 -2.34477349e-26
74 61 -2.52736153e-26
75 61 1.29580979e-24
76 61 1.00269162e-21
77 61 -9.77203689e-22
78 61 4.59025946e-26
79 61 -1.30049154e-26
80 61 -1.20633016e-26
81 61 6.56371966e-25
82 61 4.75089316e-22
83 61 -5.21027805e-22
84 61 2.0396774e-26
43 62 -7.07125776e-27
44 62 -5.64018804e-27
45 62 3.6815734e-25
46 62 2.93946027e-22
47 62 -3.73874566e-22
48 62 -1.3385453e-26
49 62 -4.24978314e-26
50 62 -4.31711464e-26
51 62 2.24235872e-24
52 62 1.78283091e-21
53 62 -1.94798636e-21
54 62 -8.01188914e-26
55 62 -1697.81682
56 62 -2129.07351
57 62 -1230926.43
58 62 -650056360
59 62 1.16170954e+09
60 62 18703.9109
61 62 -1.57951137e+39
62 62 -1.92602002e+39
63 62 -8.43122948e+41
64 62 -1.41789782e+44
